# Device 0 的外参
extrinsic_0:
  x: 1.40238062
  y: 7.458963
  z: 1.53232464
  roll: -0.03292689579
  pitch: 0.020027636
  yaw: -0.84961488

# Device 1 的外参
extrinsic_1:
  x: 1.409885393
  y: 7.43888145
  z: 1.47657482
  roll: -0.04905374
  pitch: -0.0173372
  yaw: -0.86712757
